{
	"project_settings": {
		"project_namespace": "example_chest",
		"project_resolution": [
			16,
			16
		],
		"target_minecraft_version": "1.20+",
		"rig_item": "minecraft:white_dye",
		"rig_item_model": "",
		"rig_export_folder": "",
		"texture_export_folder": "",
		"enable_advanced_resource_pack_settings": false,
		"resource_pack_mcmeta": "/rp/pack.mcmeta",
		"verbose": true,
		"exporter": "animated_java:json_exporter"
	},
	"exporter_settings": {
		"output_file": "/ajmodels/example_chest.json"
	},
	"rig": {
		"default_pose": [
			{
				"uuid": "6cd112ff-2233-87e1-46ab-f17c5687afca",
				"matrix": [
					-1,
					0,
					-1.2246467991473532e-16,
					0,
					0,
					1,
					0,
					0,
					1.2246467991473532e-16,
					0,
					-1,
					0,
					-7.654042494670958e-18,
					0,
					0.0625,
					1
				]
			},
			{
				"uuid": "169bbf87-faed-e9d9-c920-2aad6f3d72c8",
				"matrix": [
					-1,
					0,
					-1.2246467991473532e-16,
					0,
					0,
					1,
					0,
					0,
					1.2246467991473532e-16,
					0,
					-1,
					0,
					6.123233995736766e-17,
					0.484375,
					-0.5,
					1
				]
			}
		],
		"node_map": {
			"6cd112ff-2233-87e1-46ab-f17c5687afca": {
				"type": "bone",
				"name": "bottom",
				"uuid": "6cd112ff-2233-87e1-46ab-f17c5687afca",
				"nbt": "{}",
				"custom_model_data": 2,
				"resource_location": "animated_java:item/example_chest/bottom"
			},
			"169bbf87-faed-e9d9-c920-2aad6f3d72c8": {
				"type": "bone",
				"name": "top",
				"uuid": "169bbf87-faed-e9d9-c920-2aad6f3d72c8",
				"nbt": "{}",
				"custom_model_data": 3,
				"resource_location": "animated_java:item/example_chest/top"
			}
		}
	},
	"variants": {},
	"animations": {
		"open": {
			"start_delay": 0,
			"loop_delay": 0,
			"frames": [
				{
					"nodes": [
						{
							"uuid": "6cd112ff-2233-87e1-46ab-f17c5687afca",
							"matrix": [
								-1,
								0,
								-1.2246467991473532e-16,
								0,
								0,
								1,
								0,
								0,
								1.2246467991473532e-16,
								0,
								-1,
								0,
								-7.654042494670958e-18,
								0,
								0.0625,
								1
							]
						},
						{
							"uuid": "169bbf87-faed-e9d9-c920-2aad6f3d72c8",
							"matrix": [
								-1,
								0,
								-1.2246467991473532e-16,
								0,
								0,
								1,
								0,
								0,
								1.2246467991473532e-16,
								0,
								-1,
								0,
								6.123233995736766e-17,
								0.484375,
								-0.5,
								1
							]
						}
					],
					"time": 0
				},
				{
					"nodes": [
						{
							"uuid": "169bbf87-faed-e9d9-c920-2aad6f3d72c8",
							"matrix": [
								-1,
								0,
								-1.2246467991473532e-16,
								0,
								1.6109007511073673e-17,
								0.9913108598461154,
								-0.1315400287028831,
								0,
								1.2140056714705558e-16,
								-0.1315400287028831,
								-0.9913108598461154,
								0,
								6.123233995736766e-17,
								0.484375,
								-0.5,
								1
							]
						}
					],
					"time": 0.05
				},
				{
					"nodes": [
						{
							"uuid": "169bbf87-faed-e9d9-c920-2aad6f3d72c8",
							"matrix": [
								-1,
								0,
								-1.2246467991473532e-16,
								0,
								3.8414933933047343e-17,
								0.9495281805930367,
								-0.31368174039889146,
								0,
								1.1628366470634724e-16,
								-0.31368174039889146,
								-0.9495281805930367,
								0,
								6.123233995736766e-17,
								0.484375,
								-0.5,
								1
							]
						}
					],
					"time": 0.1
				},
				{
					"nodes": [
						{
							"uuid": "169bbf87-faed-e9d9-c920-2aad6f3d72c8",
							"matrix": [
								-1,
								0,
								-1.2246467991473532e-16,
								0,
								6.328139436846181e-17,
								0.8561473283751946,
								-0.5167317990176497,
								0,
								1.04847808529324e-16,
								-0.5167317990176497,
								-0.8561473283751946,
								0,
								6.123233995736766e-17,
								0.484375,
								-0.5,
								1
							]
						}
					],
					"time": 0.15
				},
				{
					"nodes": [
						{
							"uuid": "169bbf87-faed-e9d9-c920-2aad6f3d72c8",
							"matrix": [
								-1,
								0,
								-1.2246467991473532e-16,
								0,
								8.659560562354934e-17,
								0.7071067811865475,
								-0.7071067811865476,
								0,
								8.659560562354932e-17,
								-0.7071067811865476,
								-0.7071067811865475,
								0,
								6.123233995736766e-17,
								0.484375,
								-0.5,
								1
							]
						}
					],
					"time": 0.2
				},
				{
					"nodes": [
						{
							"uuid": "169bbf87-faed-e9d9-c920-2aad6f3d72c8",
							"matrix": [
								-1,
								0,
								-1.2246467991473532e-16,
								0,
								1.0484780852932398e-16,
								0.51673179901765,
								-0.8561473283751945,
								0,
								6.328139436846184e-17,
								-0.8561473283751945,
								-0.51673179901765,
								0,
								6.123233995736766e-17,
								0.484375,
								-0.5,
								1
							]
						}
					],
					"time": 0.25
				},
				{
					"nodes": [
						{
							"uuid": "169bbf87-faed-e9d9-c920-2aad6f3d72c8",
							"matrix": [
								-1,
								0,
								-1.2246467991473532e-16,
								0,
								1.1628366470634724e-16,
								0.3136817403988915,
								-0.9495281805930367,
								0,
								3.841493393304735e-17,
								-0.9495281805930367,
								-0.3136817403988915,
								0,
								6.123233995736766e-17,
								0.484375,
								-0.5,
								1
							]
						}
					],
					"time": 0.3
				},
				{
					"nodes": [
						{
							"uuid": "169bbf87-faed-e9d9-c920-2aad6f3d72c8",
							"matrix": [
								-1,
								0,
								-1.2246467991473532e-16,
								0,
								1.2140056714705555e-16,
								0.13154002870288317,
								-0.9913108598461153,
								0,
								1.6109007511073686e-17,
								-0.9913108598461153,
								-0.13154002870288317,
								0,
								6.123233995736766e-17,
								0.484375,
								-0.5,
								1
							]
						}
					],
					"time": 0.35
				},
				{
					"nodes": [
						{
							"uuid": "169bbf87-faed-e9d9-c920-2aad6f3d72c8",
							"matrix": [
								-1,
								0,
								-1.2246467991473532e-16,
								0,
								1.2246467991473532e-16,
								2.220446049250313e-16,
								-1,
								0,
								2.719262146893782e-32,
								-1,
								-2.220446049250313e-16,
								0,
								6.123233995736766e-17,
								0.484375,
								-0.5,
								1
							]
						}
					],
					"time": 0.4
				}
			],
			"duration": 9,
			"loop_mode": "hold",
			"affected_bones": [],
			"affected_bones_is_a_whitelist": false
		},
		"close": {
			"start_delay": 0,
			"loop_delay": 0,
			"frames": [
				{
					"nodes": [
						{
							"uuid": "6cd112ff-2233-87e1-46ab-f17c5687afca",
							"matrix": [
								-1,
								0,
								-1.2246467991473532e-16,
								0,
								0,
								1,
								0,
								0,
								1.2246467991473532e-16,
								0,
								-1,
								0,
								-7.654042494670958e-18,
								0,
								0.0625,
								1
							]
						},
						{
							"uuid": "169bbf87-faed-e9d9-c920-2aad6f3d72c8",
							"matrix": [
								-1,
								0,
								-1.2246467991473532e-16,
								0,
								1.2246467991473532e-16,
								2.220446049250313e-16,
								-1,
								0,
								2.719262146893782e-32,
								-1,
								-2.220446049250313e-16,
								0,
								6.123233995736766e-17,
								0.484375,
								-0.5,
								1
							]
						}
					],
					"time": 0
				},
				{
					"nodes": [
						{
							"uuid": "169bbf87-faed-e9d9-c920-2aad6f3d72c8",
							"matrix": [
								-1,
								0,
								-1.2246467991473532e-16,
								0,
								1.2140056714705555e-16,
								0.13154002870288317,
								-0.9913108598461153,
								0,
								1.6109007511073686e-17,
								-0.9913108598461153,
								-0.13154002870288317,
								0,
								6.123233995736766e-17,
								0.484375,
								-0.5,
								1
							]
						}
					],
					"time": 0.05
				},
				{
					"nodes": [
						{
							"uuid": "169bbf87-faed-e9d9-c920-2aad6f3d72c8",
							"matrix": [
								-1,
								0,
								-1.2246467991473532e-16,
								0,
								1.1628366470634724e-16,
								0.3136817403988915,
								-0.9495281805930367,
								0,
								3.841493393304735e-17,
								-0.9495281805930367,
								-0.3136817403988915,
								0,
								6.123233995736766e-17,
								0.484375,
								-0.5,
								1
							]
						}
					],
					"time": 0.1
				},
				{
					"nodes": [
						{
							"uuid": "169bbf87-faed-e9d9-c920-2aad6f3d72c8",
							"matrix": [
								-1,
								0,
								-1.2246467991473532e-16,
								0,
								1.04847808529324e-16,
								0.5167317990176498,
								-0.8561473283751946,
								0,
								6.328139436846182e-17,
								-0.8561473283751946,
								-0.5167317990176498,
								0,
								6.123233995736766e-17,
								0.484375,
								-0.5,
								1
							]
						}
					],
					"time": 0.15
				},
				{
					"nodes": [
						{
							"uuid": "169bbf87-faed-e9d9-c920-2aad6f3d72c8",
							"matrix": [
								-1,
								0,
								-1.2246467991473532e-16,
								0,
								8.659560562354934e-17,
								0.7071067811865475,
								-0.7071067811865476,
								0,
								8.659560562354932e-17,
								-0.7071067811865476,
								-0.7071067811865475,
								0,
								6.123233995736766e-17,
								0.484375,
								-0.5,
								1
							]
						}
					],
					"time": 0.2
				},
				{
					"nodes": [
						{
							"uuid": "169bbf87-faed-e9d9-c920-2aad6f3d72c8",
							"matrix": [
								-1,
								0,
								-1.2246467991473532e-16,
								0,
								6.328139436846183e-17,
								0.8561473283751945,
								-0.5167317990176499,
								0,
								1.0484780852932398e-16,
								-0.5167317990176499,
								-0.8561473283751945,
								0,
								6.123233995736766e-17,
								0.484375,
								-0.5,
								1
							]
						}
					],
					"time": 0.25
				},
				{
					"nodes": [
						{
							"uuid": "169bbf87-faed-e9d9-c920-2aad6f3d72c8",
							"matrix": [
								-1,
								0,
								-1.2246467991473532e-16,
								0,
								3.8414933933047343e-17,
								0.9495281805930367,
								-0.31368174039889146,
								0,
								1.1628366470634724e-16,
								-0.31368174039889146,
								-0.9495281805930367,
								0,
								6.123233995736766e-17,
								0.484375,
								-0.5,
								1
							]
						}
					],
					"time": 0.3
				},
				{
					"nodes": [
						{
							"uuid": "169bbf87-faed-e9d9-c920-2aad6f3d72c8",
							"matrix": [
								-1,
								0,
								-1.2246467991473532e-16,
								0,
								1.6109007511073673e-17,
								0.9913108598461154,
								-0.1315400287028831,
								0,
								1.2140056714705558e-16,
								-0.1315400287028831,
								-0.9913108598461154,
								0,
								6.123233995736766e-17,
								0.484375,
								-0.5,
								1
							]
						}
					],
					"time": 0.35
				},
				{
					"nodes": [
						{
							"uuid": "169bbf87-faed-e9d9-c920-2aad6f3d72c8",
							"matrix": [
								-1,
								0,
								-1.2246467991473532e-16,
								0,
								0,
								1,
								0,
								0,
								1.2246467991473532e-16,
								0,
								-1,
								0,
								6.123233995736766e-17,
								0.484375,
								-0.5,
								1
							]
						}
					],
					"time": 0.4
				}
			],
			"duration": 9,
			"loop_mode": "hold",
			"affected_bones": [],
			"affected_bones_is_a_whitelist": false
		}
	}
}
